free_thresh: 0.196
image: crates.pgm
negate: 0
occupied_thresh: 0.65
origin: [-2.849999999999998, -5.729999999999999, 0.0]
resolution: 0.02
