free_thresh: 0.196
image: empty_gym.pgm
negate: 0
occupied_thresh: 0.65
origin: [-2.424997999999995, -4.874997999999998, 0.0]
resolution: 0.05
